$ANSIBLE_VAULT;1.1;AES256
37623833363261333962366132623630656665386262616562616436346461393630393535356536
3936313563613162646339326539626464616537633434620a396336323066313539613962396433
36643765393132663630383630336433343934383234643366623036343239633765333730366466
3366626530346236310a313039313034306461653462383562613838333133636562303035373732
38383066323231353538366130356365373361666562336235393538393134376536313663643939
32616634663834643465353630663935366339353337626535393362353464623231653035356331
36323238343731383563363532346561373037643830373038353865306233326437366536303566
64343064353034353030363736313266656131313966643737623532316438343033323261356239
30663432343134373762356461643262633565663133616136656631656435613464626133396237
32626630393338386137666633656362653764653835376164333065306265343064356362313032
35663335666530363566316362313664616634373034393835303733613133373662356534363966
64613565383337303562
